100 2
4 21
0 11
8 16
9 15
-3 10
-2 11
-15 -14
-5 10
-14 -6
-8 -6
8 22
1 11
5 20
-19 -6
-2 15
-13 -11
-13 -5
0 13
-20 -4
-2 14
7 11
-10 4
-14 -3
4 20
5 12
5 17
6 20
-12 4
-5 -4
-19 -17
-4 2
-20 -6
-16 -5
-9 2
9 19
-4 5
-2 4
-9 -5
-1 1
-8 -5
0 6
-18 -12
-4 1
-5 14
-8 0
-3 -2
-13 5
-8 2
-8 0
5 7
-13 -11
-18 -16
6 8
-17 -4
8 11
1 2
-16 -15
8 12
4 16
-6 -5
-6 4
-14 -11
5 18
-12 -8
5 22
-1 5
-20 -9
4 8
4 17
9 15
-16 -13
7 26
2 13
5 14
-19 -10
-17 -12
-11 2
4 12
-3 5
-2 -1
-18 -12
1 19
7 13
-18 -2
3 8
-5 5
-16 -13
-5 9
4 5
-1 12
-5 -4
-18 -15
-7 -6
-13 4
-14 -11
-4 -2
-18 -8
7 19
-11 -1
3 22
