100 11
0 46 2 29779
1 4 2 11235
1 12 1 3459
1 23 1 20611
1 30 1 12244
1 32 2 14877
1 36 2 25038
2 15 1 8686
2 19 1 27185
2 30 2 6134
2 34 2 31850
3 26 1 3699
3 32 1 13130
3 35 2 16089
3 37 2 5228
3 40 2 1183
4 4 1 24625
4 16 2 18434
4 19 2 2271
4 32 2 5934
4 36 2 8078
4 45 1 13919
4 53 2 17268
5 8 2 8737
5 13 1 31845
6 16 1 10236
6 58 2 4015
7 19 2 24523
7 39 1 23285
7 57 2 3521
8 2 1 25825
8 14 2 23553
8 20 1 28963
8 33 1 6913
8 34 1 13462
8 36 2 25294
8 40 2 16954
8 45 -2 18419
9 13 2 9689
9 33 1 7780
9 46 1 24593
10 10 2 7279
10 16 1 22803
10 17 2 21980
10 20 2 976
10 34 1 24773
10 42 -2 26587
10 46 -2 19916
11 2 2 6746
11 14 -2 10931
11 33 2 17092
11 41 1 795
11 53 2 24239
11 56 2 22837
12 12 2 12982
12 40 -2 7948
12 42 2 21623
13 1 2 16684
13 2 -2 32717
13 19 2 9546
14 2 1 14262
14 11 2 2239
14 45 1 16037
15 13 1 24178
15 33 1 3427
15 37 2 23903
15 57 2 25519
16 30 1 18208
16 32 2 14757
16 34 -2 24879
17 45 1 9470
18 20 -2 21459
18 31 1 9554
18 47 1 3929
18 51 2 10986
19 13 1 15432
19 14 2 30067
19 44 2 10547
19 48 -2 9527
19 53 1 31317
20 5 2 6376
20 7 2 10500
20 10 -2 28520
20 43 2 6994
20 51 -2 23172
20 52 1 21157
21 17 -2 23254
21 31 -2 28808
21 45 -2 31376
22 4 1 11194
22 10 2 16694
22 22 2 9303
22 26 1 26916
22 31 -2 29880
22 36 -2 17301
22 48 1 23630
22 54 1 20319
22 57 2 22255
23 8 2 29064
23 51 -2 18482
