100
3186 3600
6993 3900
3839 2800
1878 2600
344 3500
765 3200
6825 2400
4591 3000
5412 2800
8977 3100
9904 2400
2247 2300
6664 3700
2706 1400
304 1600
7607 3600
3268 3700
3896 2900
5924 1900
8327 2500
6326 1000
8739 1900
2808 2200
8000 3600
1937 3000
9532 2300
6906 2400
2233 3300
9478 1600
7335 3600
2614 1900
2211 3800
5230 2400
354 3100
2153 1400
4304 3100
3804 2900
4689 1600
2848 1500
5909 3400
8652 3200
1263 3000
5222 1800
1407 1500
7196 3100
4020 2300
5697 3500
1914 1600
1533 1400
4931 1300
3620 3100
9410 1000
7676 3200
7511 1200
9046 1600
925 3200
5566 3100
5886 1100
9623 1600
2992 1800
2484 3000
1092 1100
262 2600
9302 1000
6732 3400
7873 3900
2889 3100
5905 1500
733 2500
4907 2700
9777 3300
8777 2800
3447 1600
9619 2300
2393 3600
9498 2400
9419 3100
8012 2400
6341 3100
8755 2400
3000 3500
8504 1500
6216 3300
231 3900
3537 3500
1566 3300
9820 3900
4835 3200
5024 1000
6430 1800
3748 2200
1455 2200
8238 1800
1979 2200
5162 1300
2320 3900
1068 2200
8635 2700
9731 2000
9612 3300
