699 100 100 20
1 25 2 2
1 99 2 6
1 51 3 1
2 14 1 0
2 81 1 1
2 63 2 2
2 88 3 0
2 95 3 3
2 78 3 4
2 3 4 6
2 91 5 1
3 80 1 0
3 4 1 1
3 10 1 2
3 14 1 4
3 37 2 4
3 52 3 1
3 98 4 2
3 3 4 5
3 24 5 3
4 77 1 2
4 56 2 0
4 29 2 6
4 55 3 2
4 78 4 6
4 51 5 5
5 8 1 1
5 63 1 3
5 12 1 4
5 61 1 5
5 85 2 6
5 97 3 1
5 62 3 2
5 31 3 3
5 96 3 4
5 92 4 6
5 18 5 1
5 43 5 2
5 50 5 6
6 70 1 0
6 41 1 2
6 47 1 5
6 74 2 1
6 51 2 2
6 34 3 1
6 28 3 4
6 56 4 0
6 84 4 6
7 92 3 1
7 62 4 2
7 42 4 5
7 75 4 6
7 41 5 0
7 15 5 2
8 79 1 6
8 84 3 1
8 37 4 1
8 58 4 2
8 85 5 1
8 98 5 6
9 28 1 2
9 79 1 3
9 98 2 2
9 80 2 4
9 58 3 6
9 97 4 2
9 67 4 4
10 39 1 1
10 33 1 2
10 83 1 4
10 76 2 2
10 7 2 3
10 94 4 1
10 37 4 2
10 49 4 3
10 84 5 0
10 97 5 2
11 97 1 1
11 13 1 2
11 9 1 3
11 14 2 0
11 58 2 1
11 32 2 5
11 86 3 1
11 61 3 2
11 40 5 0
12 70 1 4
12 31 1 5
12 10 1 6
12 40 2 0
12 90 2 4
12 12 4 2
12 57 4 5
13 33 1 0
13 24 1 2
13 88 2 3
13 60 2 6
13 36 3 0
14 66 1 5
14 43 2 2
14 70 2 4
14 13 3 6
14 44 4 0
14 53 4 5
14 77 5 1
14 1 5 3
14 5 5 4
15 8 1 4
15 3 2 0
15 73 2 2
15 100 4 0
15 74 4 1
15 60 4 3
15 88 5 2
15 20 5 3
16 62 1 3
16 69 2 3
16 85 2 6
16 30 4 0
16 32 4 1
16 12 4 5
16 97 5 2
16 19 5 5
17 91 1 2
17 75 1 3
17 97 1 5
17 8 2 0
17 63 2 6
17 17 4 4
17 67 4 5
17 7 5 0
18 89 1 4
18 59 2 1
18 93 3 4
18 71 4 5
18 69 5 6
19 33 1 2
19 86 2 1
19 98 2 5
19 57 3 0
19 58 3 3
19 85 3 4
19 89 4 3
19 44 4 6
19 70 5 6
20 57 2 1
20 100 2 6
20 15 3 5
20 39 4 0
20 96 5 0
20 99 5 1
21 28 1 2
21 29 1 3
21 3 1 5
21 85 2 0
21 31 2 6
21 23 3 4
21 57 3 5
21 8 5 6
22 89 1 3
22 55 1 5
22 72 2 5
22 82 3 5
22 15 4 6
23 9 1 3
23 72 1 6
23 28 5 5
24 87 1 0
24 81 1 1
24 75 1 2
24 52 1 4
24 60 1 5
24 39 2 4
24 29 2 5
24 19 4 0
24 35 4 2
24 38 5 1
24 35 5 2
25 19 2 1
25 75 3 6
25 47 4 3
25 1 5 1
25 23 5 4
26 17 1 1
26 96 1 4
26 83 1 5
26 53 4 2
26 93 5 6
27 26 1 0
27 87 1 2
27 77 1 6
27 93 2 3
27 69 2 6
27 78 3 5
27 24 4 1
27 65 5 3
27 60 5 5
27 98 5 6
28 52 1 4
28 55 1 6
28 45 3 0
28 24 3 4
28 21 5 4
28 75 5 5
29 42 1 0
29 43 1 3
29 12 2 1
29 35 3 0
29 50 4 2
29 20 4 3
29 23 4 4
29 93 4 5
29 27 5 1
29 43 5 6
30 18 2 0
30 81 2 4
30 17 2 5
30 32 3 2
30 28 3 3
30 92 5 2
30 93 5 6
31 32 1 3
31 58 2 1
31 15 2 2
31 10 4 5
31 4 5 6
32 70 1 4
32 66 1 5
32 94 1 6
32 79 2 1
32 65 2 2
32 8 2 4
32 91 2 5
32 90 3 3
32 25 3 5
32 56 4 4
33 73 1 2
33 85 3 4
33 17 3 6
33 51 4 4
33 77 4 6
33 20 5 4
34 11 1 1
34 82 1 5
34 97 1 6
34 78 2 0
34 66 2 2
34 1 2 3
34 23 2 4
34 16 3 0
34 87 4 0
34 77 5 1
34 98 5 5
35 3 1 2
35 84 1 4
35 56 1 5
35 78 2 1
35 52 2 3
35 95 3 0
35 44 3 6
36 68 1 0
36 52 1 1
36 98 2 0
36 40 2 3
36 46 2 5
36 65 3 0
36 80 4 1
36 43 4 2
36 63 4 5
36 84 4 6
36 22 5 1
37 9 1 3
37 83 2 6
37 67 4 1
37 61 5 4
38 54 1 2
38 76 1 3
38 41 2 1
38 73 3 0
38 42 3 5
38 15 4 6
38 35 5 2
38 13 5 3
39 91 1 0
39 46 1 1
39 31 1 2
39 73 2 2
39 34 2 4
39 88 3 1
39 94 3 4
39 18 4 0
39 5 4 5
39 90 5 2
39 83 5 5
39 95 5 6
40 33 1 6
40 20 4 6
41 68 1 0
41 21 2 5
41 54 3 6
41 28 4 1
41 61 4 6
41 22 5 0
42 83 1 3
42 84 2 0
42 88 2 4
42 34 3 1
42 2 3 3
42 84 3 6
42 75 4 0
42 13 4 3
42 70 4 5
42 43 5 6
43 16 2 3
43 68 3 0
43 40 3 6
43 67 4 5
43 82 5 4
44 86 1 0
44 66 2 4
44 82 3 4
44 18 4 2
44 50 5 5
45 65 1 0
45 3 1 1
45 61 3 0
45 61 3 2
45 23 4 3
46 78 2 6
46 3 4 3
46 6 5 0
46 60 5 4
47 82 1 1
47 94 1 4
47 29 1 6
47 80 2 3
47 58 2 4
47 52 4 3
47 12 5 2
48 64 1 0
48 86 1 2
48 85 2 4
48 23 2 5
48 92 2 6
48 12 3 5
48 12 4 0
48 71 4 4
48 47 5 5
49 9 1 0
49 4 3 1
49 45 3 3
49 9 3 4
49 85 4 1
49 29 4 2
49 83 5 5
50 76 1 1
50 18 1 5
50 17 2 2
50 27 3 0
50 75 3 1
50 69 4 5
50 74 5 0
50 99 5 4
50 2 5 5
51 8 1 4
51 5 1 6
51 3 2 1
51 97 2 3
51 38 2 6
51 67 3 4
51 80 4 0
51 30 5 3
51 57 5 4
51 11 5 6
52 51 1 2
52 12 1 4
52 90 2 5
53 22 4 0
53 22 4 2
53 24 4 6
53 6 5 0
53 44 5 2
53 34 5 5
54 59 1 1
54 69 1 2
54 17 2 1
54 6 3 5
54 13 4 4
55 48 1 4
55 80 2 2
55 5 3 0
55 24 4 5
55 4 4 6
55 45 5 5
56 53 1 2
56 73 1 3
56 66 2 0
56 94 2 2
56 92 3 0
56 42 3 4
56 65 4 0
56 31 4 4
56 93 5 4
57 37 1 0
57 18 2 3
57 96 2 5
57 86 5 3
57 78 5 4
58 14 1 0
58 76 1 5
58 18 3 5
58 66 4 5
58 88 4 6
58 2 5 0
59 24 2 5
59 18 3 0
59 27 3 6
60 41 1 1
60 33 2 5
60 28 3 0
60 20 4 0
60 42 5 6
61 38 1 1
61 46 3 0
61 31 4 0
62 98 1 4
62 82 2 0
62 98 2 2
62 17 3 3
62 44 4 5
62 94 5 1
63 74 1 0
63 69 1 2
63 72 1 3
63 14 2 3
63 11 4 2
63 82 4 3
63 97 4 4
64 15 1 0
64 73 1 2
64 94 1 4
64 53 2 0
64 30 3 1
64 85 3 2
64 81 5 1
64 33 5 6
65 23 1 3
65 50 1 5
65 58 2 4
65 86 2 6
65 93 3 1
65 15 5 1
65 81 5 3
65 27 5 4
65 85 5 6
66 68 1 1
66 75 3 6
66 67 4 2
66 2 4 3
66 5 5 3
66 9 5 4
67 74 1 2
67 14 3 4
67 65 4 1
67 33 4 3
67 39 4 6
67 72 5 3
68 67 1 1
68 7 2 2
68 42 2 3
68 11 3 4
68 51 3 6
69 64 1 1
69 25 2 1
69 78 2 4
69 65 3 6
69 30 5 0
69 55 5 6
70 37 1 1
70 2 1 2
70 10 1 5
70 26 3 6
70 11 4 1
70 3 4 2
70 52 4 5
70 54 5 0
70 39 5 1
70 81 5 2
71 99 1 3
71 24 2 3
71 26 2 5
71 95 3 0
71 95 3 5
71 41 3 6
71 2 4 3
71 55 4 5
71 33 5 3
71 14 5 4
72 3 1 1
72 23 1 5
72 14 1 6
72 60 2 0
72 76 2 1
72 79 2 4
72 68 2 5
72 15 3 0
72 4 4 0
72 86 4 1
72 86 4 3
72 10 5 3
73 18 2 1
73 44 2 4
73 28 2 5
73 81 3 1
73 65 4 0
73 79 5 1
73 75 5 4
74 53 1 3
74 15 1 5
74 67 3 4
74 10 3 6
74 23 5 0
75 23 1 2
75 66 2 0
75 50 3 5
75 41 4 0
75 52 4 2
75 23 5 3
76 76 1 1
76 65 3 1
76 96 3 2
76 85 4 0
76 3 4 2
76 25 4 6
76 87 5 4
77 100 1 4
77 21 3 2
77 41 3 5
77 33 4 0
77 12 4 2
77 69 4 6
77 52 5 5
77 95 5 6
78 89 1 2
78 85 4 1
78 40 5 5
79 28 2 0
79 9 3 2
79 79 4 6
79 82 5 5
80 25 1 0
80 90 2 5
80 93 3 5
80 42 4 1
80 94 4 2
80 81 4 4
80 46 5 1
80 59 5 4
81 93 1 6
81 14 2 3
81 25 3 3
81 50 4 0
81 3 4 1
82 80 1 4
82 12 2 3
82 53 3 2
82 65 3 3
82 6 3 5
82 54 4 0
82 18 5 1
82 17 5 5
83 86 1 4
83 1 1 5
83 6 2 3
83 48 3 3
83 50 3 6
83 56 4 4
83 52 4 5
83 10 4 6
83 95 5 3
84 39 1 2
84 78 1 6
84 78 2 3
84 35 2 6
84 23 3 2
84 82 4 0
84 54 4 2
84 47 4 5
84 68 5 0
84 2 5 1
84 26 5 5
85 31 1 2
85 57 2 0
85 88 2 6
85 7 3 2
85 42 3 6
85 35 4 2
85 25 4 4
85 24 5 5
86 61 1 0
86 3 2 6
86 56 3 0
86 4 4 5
86 3 5 5
87 68 1 0
87 62 2 2
87 6 3 2
87 18 3 5
87 84 4 0
88 70 1 0
88 27 1 3
88 100 2 6
88 36 3 2
88 4 4 3
88 8 4 6
88 29 5 0
88 55 5 4
88 63 5 5
89 69 1 4
89 54 1 6
89 40 2 2
89 91 2 3
89 3 2 4
89 9 2 5
89 83 2 6
89 19 3 0
89 11 3 5
89 67 4 4
90 34 1 4
90 97 2 3
90 92 3 4
90 86 4 1
90 31 4 4
90 47 5 1
91 18 1 1
91 32 1 5
91 10 2 1
91 58 2 3
91 6 2 6
91 40 4 5
91 79 5 1
91 77 5 3
92 41 1 1
92 32 1 2
92 38 1 3
92 92 1 4
92 39 2 3
92 87 3 4
92 89 4 3
93 17 2 3
93 74 3 0
93 80 3 5
93 41 4 3
93 15 4 6
93 82 5 4
94 24 1 3
94 66 1 5
94 89 2 1
94 76 2 6
94 89 4 1
94 26 4 3
94 8 5 6
95 51 2 5
95 24 5 1
95 1 5 3
95 23 5 6
96 87 1 3
96 84 1 5
96 17 2 0
96 94 2 1
96 93 3 6
96 15 5 5
97 63 1 2
97 82 1 3
97 88 2 0
97 44 2 2
97 100 2 5
97 26 3 1
97 70 3 5
97 60 4 3
97 74 4 4
97 72 4 5
98 84 1 4
98 25 1 5
98 83 2 3
98 73 2 4
98 45 2 6
99 43 1 3
99 44 2 4
99 70 2 5
99 5 2 6
99 16 3 3
99 9 4 4
99 7 5 5
100 79 1 6
100 1 2 0
100 29 3 3
100 60 3 6
100 92 5 6
